0.000 1.0000E+00
0.025 9.9935E-01
0.050 9.9864E-01
0.075 9.9791E-01
0.100 9.9716E-01
0.125 9.9641E-01
0.150 9.9561E-01
0.175 9.9482E-01
0.200 9.9400E-01
0.225 9.9317E-01
0.250 9.9232E-01
0.275 9.9086E-01
0.300 9.8935E-01
0.325 9.8783E-01
0.350 9.8628E-01
0.375 9.8471E-01
0.400 9.8306E-01
0.425 9.8140E-01
0.450 9.7971E-01
0.475 9.7797E-01
0.500 9.7619E-01
0.525 9.7376E-01
0.550 9.7125E-01
0.575 9.6871E-01
0.600 9.6614E-01
0.625 9.6353E-01
0.650 9.6082E-01
0.675 9.5810E-01
0.700 9.5532E-01
0.725 9.5248E-01
0.750 9.4958E-01
0.775 9.4610E-01
0.800 9.4254E-01
0.825 9.3896E-01
0.850 9.3534E-01
0.875 9.3168E-01
0.900 9.2790E-01
0.925 9.2409E-01
0.950 9.2023E-01
0.975 9.1629E-01
1.000 9.1229E-01
1.025 9.0784E-01
1.050 9.0333E-01
1.075 8.9881E-01
1.100 8.9424E-01
1.125 8.8965E-01
1.150 8.8491E-01
1.175 8.8015E-01
1.200 8.7535E-01
1.225 8.7045E-01
1.250 8.6549E-01
1.275 8.6025E-01
1.300 8.5500E-01
1.325 8.4974E-01
1.350 8.4445E-01
1.375 8.3912E-01
1.400 8.3366E-01
1.425 8.2819E-01
1.450 8.2267E-01
1.475 8.1706E-01
1.500 8.1140E-01
1.525 8.0565E-01
1.550 7.9992E-01
1.575 7.9418E-01
1.600 7.8841E-01
1.625 7.8264E-01
1.650 7.7671E-01
1.675 7.7080E-01
1.700 7.6487E-01
1.725 7.5883E-01
1.750 7.5275E-01
1.775 7.4678E-01
1.800 7.4084E-01
1.825 7.3492E-01
1.850 7.2896E-01
1.875 7.2300E-01
1.900 7.1691E-01
1.925 7.1084E-01
1.950 7.0475E-01
1.975 6.9857E-01
2.000 6.9237E-01
2.025 6.9072E-01
2.050 6.8949E-01
2.075 6.8827E-01
2.100 6.8708E-01
2.125 6.8590E-01
2.150 6.8474E-01
2.175 6.8359E-01
2.200 6.8246E-01
2.225 6.8135E-01
2.250 6.8024E-01
2.275 6.7916E-01
2.300 6.7808E-01
2.325 6.7702E-01
2.350 6.7597E-01
2.375 6.7493E-01
2.400 6.7390E-01
2.425 6.7288E-01
2.450 6.7188E-01
2.475 6.7088E-01
2.500 6.6989E-01
2.525 6.6892E-01
2.550 6.6795E-01
2.575 6.6699E-01
2.600 6.6604E-01
2.625 6.6510E-01
2.650 6.6416E-01
2.675 6.6323E-01
2.700 6.6232E-01
2.725 6.6140E-01
2.750 6.6050E-01
2.775 6.5960E-01
2.800 6.5871E-01
2.825 6.5783E-01
2.850 6.5695E-01
2.875 6.5608E-01
2.900 6.5521E-01
2.925 6.5435E-01
2.950 6.5350E-01
2.975 6.5265E-01
3.000 6.5181E-01
3.025 6.5098E-01
3.050 6.5014E-01
3.075 6.4932E-01
3.100 6.4850E-01
3.125 6.4768E-01
3.150 6.4687E-01
3.175 6.4607E-01
3.200 6.4527E-01
3.225 6.4447E-01
3.250 6.4368E-01
3.275 6.4289E-01
3.300 6.4211E-01
3.325 6.4133E-01
3.350 6.4056E-01
3.375 6.3979E-01
3.400 6.3902E-01
3.425 6.3826E-01
3.450 6.3750E-01
3.475 6.3675E-01
3.500 6.3600E-01
3.525 6.3525E-01
3.550 6.3451E-01
3.575 6.3377E-01
3.600 6.3303E-01
3.625 6.3230E-01
3.650 6.3157E-01
3.675 6.3085E-01
3.700 6.3012E-01
3.725 6.2941E-01
3.750 6.2869E-01
3.775 6.2798E-01
3.800 6.2727E-01
3.825 6.2657E-01
3.850 6.2586E-01
3.875 6.2517E-01
3.900 6.2447E-01
3.925 6.2378E-01
3.950 6.2309E-01
3.975 6.2240E-01
4.000 6.2172E-01
4.050 6.2807E-01
4.100 6.3463E-01
4.150 6.4108E-01
4.200 6.4733E-01
4.250 6.5350E-01
4.300 6.5912E-01
4.350 6.6450E-01
4.400 6.6955E-01
4.450 6.7422E-01
4.500 6.7855E-01
4.550 6.8178E-01
4.600 6.8454E-01
4.650 6.8670E-01
4.700 6.8820E-01
4.750 6.8904E-01
4.800 6.8852E-01
4.850 6.8732E-01
4.900 6.8527E-01
4.950 6.8231E-01
5.000 6.7842E-01
5.050 6.7338E-01
5.100 6.6764E-01
5.150 6.6100E-01
5.200 6.5342E-01
5.250 6.4485E-01
5.300 6.3616E-01
5.350 6.2696E-01
5.400 6.1696E-01
5.450 6.0620E-01
5.500 5.9460E-01
5.550 5.8392E-01
5.600 5.7288E-01
5.650 5.6121E-01
5.700 5.4899E-01
5.750 5.3608E-01
5.800 5.2479E-01
5.850 5.1333E-01
5.900 5.0136E-01
5.950 4.8897E-01
6.000 4.7605E-01
6.100 4.9297E-01
6.200 5.0944E-01
6.300 5.2722E-01
6.400 5.4624E-01
6.500 5.6403E-01
6.600 5.8463E-01
6.700 6.0397E-01
6.800 6.2359E-01
6.900 6.4344E-01
7.000 6.6198E-01
7.500 7.4348E-01
8.000 7.8621E-01
8.500 7.9689E-01
9.000 8.0495E-01
9.500 8.1158E-01
10.000 8.1725E-01
10.500 8.2224E-01
11.000 8.2670E-01
11.500 8.3073E-01
12.000 8.3441E-01
12.500 8.3779E-01
13.000 8.4090E-01
13.500 8.4379E-01
14.000 8.4647E-01
14.500 8.4897E-01
15.000 8.5131E-01
15.500 8.5350E-01
16.000 8.5555E-01